I1-N0E0 : 0.21615597070801018
I1-N1E0 : 0.43087496547481235
I1-N2E0 : 0.4999498443161408
I1-N3E0 : 0.43729966892507033
H1-N0E0 : -1.151407417204072
I1-N0E1 : -0.12050795746510141
I1-N1E1 : 0.5538970962018818
I1-N2E1 : -0.16140849091529316
I1-N3E1 : -0.16923135037808185
H1-N1E0 : -8.369841437829331
I1-N0E2 : 0.13527042132591824
I1-N1E2 : -0.4985858733088552
I1-N2E2 : -0.0416317626092542
I1-N3E2 : 0.2440368038986397
H1-N2E0 : 7.023064680165211
N0 : 0.9403569970442993
N1 : 0.6445302917520325
N2 : 0.9309968360992634
NO1-0 : 0.5991029097126523
number of epoch: 100000
time to complete training: 3.068405794998398 seconds. 
average sse over the entire training data: 5.005663547346299