I1-N0E0 : -0.3068538805748076
I1-N1E0 : 0.3089635896654593
H1-N0E0 : 0.8928040049521204
I1-N0E1 : -0.41376217656918296
I1-N1E1 : 0.1564207095354978
H1-N1E0 : 0.46335512546379676
I1-N0E2 : 0.36159948450054546
I1-N1E2 : 0.14966705286759507
H1-N2E0 : 0.7960540120556716
N0 : -0.662440857830474
N1 : 0.5626839137012757
N2 : -0.04068379465827074
NO1-0 : -2.1817730830428923
