I1-N0E0 : 1.7880189413641454
I1-N1E0 : 2.1181897369047546
H1-N0E0 : -6.225010586793879
I1-N0E1 : 0.8761495585913266
I1-N1E1 : -1.0589166138847426
H1-N1E0 : 2.1466171178975055
I1-N0E2 : -1.658644432722133
I1-N1E2 : -1.820623623185894
H1-N2E0 : 5.19327936186029
N0 : -1.0883684815664438
N1 : 0.15074774280813893
N2 : 0.8012617552077201
NO1-0 : 1.6037307410787838
number of epoch: 1754
time to complete training: 0.43281261809170246 seconds. 
average sse over the entire training data: 0.5776278292587606